TRIAL	 FASE	  COND	 RESP	 INTERVAL	 EXC_F
0	300	-1	1	400	2
1	60	1	0	1600	2
2	120	1	1	200	2
3	360	1	1	200	1
4	360	1	1	800	2
5	240	1	1	1600	3
6	240	1	0	400	1
7	60	1	0	200	2
8	420	-1	1	800	2
9	420	-1	1	200	1
10	240	1	1	1600	1
11	420	1	1	800	2
12	120	1	0	400	2
13	360	1	1	800	3
14	300	1	1	1600	1
15	60	1	0	800	1
16	240	1	1	200	3
17	0	-1	0	200	2
18	60	-1	0	400	2
19	420	-1	1	1600	3
20	240	1	1	200	1
21	0	-1	0	400	2
22	420	1	1	200	1
23	360	-1	1	1600	3
24	60	-1	0	800	2
25	300	-1	1	200	1
26	0	-1	0	200	1
27	240	-1	1	800	2
28	300	-1	1	200	2
29	180	-1	1	200	3
30	300	-1	1	1600	2
31	360	1	1	1600	3
32	0	1	0	1600	1
33	120	-1	0	800	3
34	0	-1	0	1600	2
35	240	1	1	800	3
36	120	-1	0	800	2
37	300	1	1	200	2
38	0	1	0	1600	2
39	360	-1	1	800	3
40	180	1	1	400	3
41	60	-1	0	1600	3
42	180	1	1	200	3
43	240	-1	1	800	1
44	120	1	0	200	1
45	360	-1	1	400	1
46	120	1	0	800	2
47	120	-1	0	1600	2
48	180	-1	1	400	3
49	180	1	1	200	2
50	60	1	0	400	1
51	0	-1	0	400	3
52	120	-1	1	1600	3
53	60	-1	1	200	3
54	120	1	0	200	3
55	60	-1	0	400	1
56	300	1	1	400	3
57	120	-1	0	800	1
58	360	-1	1	1600	1
59	240	1	0	800	1
60	120	-1	0	400	3
61	0	-1	0	400	1
62	180	-1	0	1600	1
63	360	1	1	1600	1
64	0	-1	0	800	3
65	60	1	0	400	2
66	360	-1	1	400	3
67	300	1	1	800	2
68	420	-1	1	200	3
69	120	-1	0	400	1
70	120	1	0	1600	1
71	60	-1	0	800	3
72	240	-1	0	200	1
73	180	-1	1	1600	2
74	120	-1	1	400	2
75	300	1	1	1600	2
76	120	1	1	400	1
77	60	1	0	1600	3
78	300	1	1	800	3
79	360	-1	1	200	2
80	120	1	1	1600	3
81	420	1	1	800	1
82	300	-1	1	1600	3
83	120	-1	1	200	3
84	60	-1	0	400	3
85	0	1	0	400	3
86	0	-1	0	200	3
87	420	-1	1	1600	1
88	180	1	1	800	2
89	300	1	1	400	2
90	300	-1	1	800	1
91	180	1	1	800	3
92	120	-1	0	200	1
93	300	1	1	1600	3
94	300	-1	1	800	3
95	420	-1	1	800	1
96	60	1	0	800	3
97	240	1	1	400	2
98	420	-1	1	400	3
99	420	-1	1	400	2
100	420	-1	1	800	3
101	300	1	1	400	1
102	300	-1	1	800	2
103	300	1	1	200	3
104	0	-1	0	800	2
105	0	1	0	200	2
106	420	1	1	200	2
107	360	-1	1	800	1
108	180	-1	0	800	2
109	60	-1	0	200	2
110	0	1	0	400	2
111	0	-1	0	1600	1
112	420	-1	1	1600	2
113	240	-1	1	400	2
114	120	-1	0	1600	1
115	420	1	1	1600	1
116	420	-1	1	400	1
117	60	-1	0	1600	2
118	360	1	1	400	2
119	180	1	1	1600	2
120	60	1	1	1600	1
121	180	1	1	200	1
122	60	1	0	200	3
123	420	1	1	1600	3
124	180	-1	1	800	3
125	120	1	0	1600	2
126	420	1	1	400	3
127	300	-1	1	400	3
128	180	1	0	400	2
129	360	1	1	400	1
130	0	-1	0	1600	3
131	0	-1	0	800	1
132	180	1	1	1600	3
133	0	1	0	800	3
134	300	-1	1	400	1
135	360	-1	1	200	1
136	60	-1	0	800	1
137	180	-1	0	800	1
138	360	1	1	200	2
139	180	-1	1	1600	3
140	360	1	1	800	1
141	60	1	0	200	1
142	360	-1	1	400	2
143	0	1	0	400	1
144	240	-1	1	200	2
145	60	1	0	800	2
146	420	1	1	400	2
147	300	-1	1	200	3
148	420	-1	1	200	2
149	120	1	0	800	3
150	240	1	1	800	2
151	240	-1	1	800	3
152	300	1	1	200	1
153	240	-1	1	1600	2
154	60	-1	0	200	1
155	360	1	1	1600	2
156	240	-1	1	1600	3
157	0	1	0	1600	3
158	420	1	1	1600	2
159	360	-1	1	200	3
160	240	1	1	1600	2
161	240	1	1	200	2
162	60	-1	0	1600	1
163	120	1	1	800	1
164	180	1	0	400	1
165	420	1	1	400	1
166	240	-1	1	400	3
167	360	-1	1	1600	2
168	300	1	1	800	1
169	240	-1	1	200	3
170	240	1	1	400	3
171	300	-1	1	1600	1
172	180	-1	1	200	2
173	60	1	0	400	3
174	0	1	0	200	3
175	180	1	1	1600	1
176	180	-1	0	200	1
177	360	1	1	400	3
178	120	1	1	400	3
179	0	1	0	200	1
180	240	-1	1	400	1
181	240	-1	1	1600	1
182	420	1	1	800	3
183	180	-1	1	400	2
184	120	-1	0	200	2
185	360	1	1	200	3
186	420	1	1	200	3
187	0	1	0	800	1
188	0	1	0	800	2
189	180	1	0	800	1
190	180	-1	0	400	1
191	360	-1	1	800	2
192	0	-1	0	200	2
193	240	1	1	800	2
194	240	-1	0	1600	1
195	180	-1	0	1600	1
196	60	-1	0	1600	3
197	180	-1	1	1600	2
198	420	1	1	200	1
199	420	-1	1	200	2
200	120	1	1	800	3
201	180	1	1	800	3
202	60	-1	0	800	2
203	180	1	1	200	3
204	360	1	0	800	1
205	240	-1	1	400	2
206	420	-1	1	400	2
207	420	1	1	800	2
208	360	-1	1	400	2
209	0	1	0	400	1
210	240	-1	1	400	3
211	180	-1	0	400	1
212	180	-1	0	800	1
213	420	-1	1	1600	3
214	180	1	1	400	2
215	60	1	0	1600	3
216	0	1	0	1600	2
217	120	-1	0	1600	1
218	60	1	0	200	2
219	120	1	0	1600	1
220	300	-1	1	200	2
221	420	1	1	1600	2
222	60	-1	0	200	3
223	120	-1	0	400	2
224	60	-1	0	1600	1
225	180	1	1	200	2
226	360	1	1	1600	3
227	360	1	1	1600	2
228	240	-1	1	800	2
229	240	-1	0	400	1
230	300	1	1	1600	3
231	420	1	1	1600	3
232	60	-1	0	800	3
233	360	1	1	1600	1
234	180	-1	1	400	2
235	360	-1	1	200	1
236	60	1	0	200	1
237	0	1	0	800	3
238	240	1	1	200	3
239	360	-1	1	1600	3
240	180	-1	1	200	2
241	240	1	1	400	1
242	360	1	1	800	3
243	360	-1	1	800	3
244	0	-1	0	400	1
245	0	1	0	200	1
246	240	1	1	1600	1
247	180	1	1	1600	3
248	60	-1	0	400	1
249	120	1	0	800	2
250	60	1	0	800	2
251	360	-1	1	200	3
252	300	-1	1	1600	2
253	300	1	1	200	3
254	120	1	0	800	1
255	420	1	1	1600	1
256	360	1	1	400	3
257	420	-1	1	400	3
258	0	-1	0	200	1
259	120	-1	1	1600	3
260	300	1	1	400	2
261	0	1	0	800	2
262	60	1	0	1600	2
263	240	-1	1	800	3
264	60	1	0	400	2
265	120	-1	0	400	1
266	180	1	0	400	1
267	120	1	0	200	1
268	60	-1	0	800	1
269	0	-1	0	1600	1
270	60	-1	0	200	2
271	300	-1	1	400	1
272	300	1	0	1600	1
273	300	1	1	800	2
274	120	1	1	200	3
275	240	-1	1	200	2
276	0	-1	0	800	1
277	300	1	1	800	3
278	180	1	1	1600	1
279	360	-1	1	800	2
280	360	1	1	200	1
281	120	1	0	400	3
282	60	1	0	400	1
283	120	-1	0	800	1
284	420	-1	1	800	2
285	360	-1	1	200	2
286	60	-1	0	400	2
287	360	1	1	200	3
288	120	1	0	1600	3
289	60	1	1	200	3
290	0	1	0	200	3
291	420	-1	1	1600	1
292	60	-1	0	400	3
293	420	-1	1	800	1
294	180	-1	0	800	2
295	120	-1	1	800	3
296	240	-1	1	1600	3
297	420	-1	1	400	1
298	300	-1	1	800	1
299	240	1	1	1600	2
300	240	-1	1	200	1
301	300	-1	1	800	3
302	300	1	1	200	1
303	420	1	1	400	1
304	240	-1	1	200	3
305	240	-1	1	1600	2
306	0	-1	0	1600	3
307	0	-1	0	200	3
308	420	1	1	200	2
309	240	1	1	400	2
310	180	1	1	800	2
311	300	1	1	400	3
312	420	1	1	800	3
313	120	-1	1	200	2
314	180	-1	1	400	3
315	420	1	1	200	3
316	180	-1	0	200	1
317	60	1	0	800	1
318	180	1	1	400	3
319	120	1	0	200	2
320	240	1	1	800	3
321	0	1	0	400	2
322	180	1	1	1600	2
323	120	-1	0	1600	2
324	360	1	1	400	1
325	120	-1	0	200	1
326	420	1	1	400	2
327	240	1	1	200	2
328	420	-1	1	1600	2
329	120	-1	1	800	2
330	180	1	0	800	1
331	420	-1	1	200	3
332	360	1	1	400	2
333	120	-1	0	400	3
334	420	-1	1	800	3
335	120	1	1	1600	2
336	300	-1	1	400	3
337	60	1	1	800	3
338	0	-1	0	800	2
339	0	1	0	1600	3
340	300	1	1	800	1
341	120	-1	1	200	3
342	180	-1	1	1600	3
343	360	-1	1	1600	2
344	360	-1	1	1600	1
345	0	1	0	200	2
346	0	-1	0	1600	2
347	0	1	0	800	1
348	60	1	0	400	3
349	360	1	1	800	2
350	120	1	0	400	1
351	0	-1	1	400	3
352	300	-1	1	800	2
353	240	1	1	200	1
354	180	-1	0	200	3
355	240	1	0	800	1
356	240	1	1	1600	3
357	240	-1	0	800	1
358	360	1	1	200	2
359	0	1	0	400	3
360	180	-1	1	800	3
361	120	1	0	400	2
362	300	1	1	400	1
363	300	-1	1	200	1
364	420	-1	1	200	1
365	300	-1	1	1600	3
366	420	1	1	400	3
367	360	-1	1	800	1
368	300	1	1	1600	2
369	420	1	1	800	1
370	300	1	1	200	2
371	300	-1	1	400	2
372	240	1	1	400	3
373	0	-1	0	800	3
374	60	1	0	1600	1
375	60	-1	0	200	1
376	360	-1	1	400	3
377	300	-1	1	1600	1
378	60	-1	0	1600	2
379	0	-1	0	400	2
380	300	-1	1	200	3
381	180	1	0	200	1
382	360	-1	1	400	1
383	0	1	0	1600	1
0	0	1	0	200	3
1	300	1	1	800	1
2	240	1	1	200	3
3	360	1	1	800	2
4	180	1	0	400	2
5	360	1	1	200	1
6	240	1	1	800	3
7	180	1	0	400	3
8	420	-1	1	400	2
9	60	-1	0	1600	1
10	180	-1	1	800	3
11	0	1	0	400	2
12	60	1	0	400	2
13	60	1	0	200	2
14	240	-1	1	1600	3
15	360	-1	1	800	1
16	360	1	1	1600	3
17	120	-1	0	400	1
18	240	1	1	800	1
19	60	1	0	800	3
20	360	1	1	800	3
21	240	-1	1	400	2
22	0	1	0	1600	1
23	360	1	1	200	3
24	300	-1	1	1600	3
25	0	1	0	200	2
26	360	-1	1	400	1
27	60	1	0	1600	1
28	420	-1	1	400	3
29	120	1	1	1600	3
30	420	1	1	1600	3
31	240	-1	1	200	2
32	0	1	0	1600	2
33	120	1	1	200	2
34	0	1	0	800	2
35	300	1	1	1600	2
36	0	-1	0	1600	2
37	180	1	1	200	3
38	300	1	1	400	1
39	420	-1	1	1600	2
40	360	1	1	200	2
41	300	-1	1	200	2
42	120	-1	1	1600	3
43	300	1	1	800	3
44	60	-1	1	800	3
45	420	-1	1	400	1
46	180	1	1	800	1
47	300	-1	1	1600	1
48	120	1	0	400	1
49	60	-1	0	200	1
50	300	-1	1	200	1
51	180	1	0	200	2
52	240	1	1	200	2
53	300	1	1	200	3
54	420	1	1	200	1
55	60	1	0	200	1
56	120	-1	1	400	3
57	360	-1	1	200	1
58	120	1	0	200	3
59	120	-1	0	1600	2
60	420	-1	1	800	1
61	420	-1	1	800	3
62	240	1	1	400	2
63	120	-1	0	800	2
64	360	-1	1	1600	2
65	180	1	1	800	3
66	0	-1	0	800	3
67	60	-1	0	400	1
68	180	-1	1	800	2
69	420	-1	1	1600	1
70	360	-1	1	400	3
71	180	-1	0	800	1
72	240	-1	1	400	3
73	420	1	1	800	3
74	240	1	1	1600	2
75	60	-1	0	200	2
76	180	-1	1	1600	3
77	300	1	1	800	2
78	120	1	0	800	2
79	300	-1	1	800	2
80	420	1	1	200	3
81	60	-1	0	800	2
82	180	-1	1	200	3
83	180	1	1	1600	3
84	240	1	1	1600	3
85	300	1	1	200	2
86	60	-1	0	200	3
87	120	-1	1	200	1
88	420	1	1	1600	2
89	300	-1	1	200	3
90	0	1	0	800	3
91	300	1	1	1600	3
92	360	-1	1	1600	3
93	360	1	1	400	1
94	420	1	1	400	2
95	120	-1	0	400	2
96	120	1	1	400	2
97	180	-1	1	200	2
98	360	-1	1	800	2
99	0	1	0	1600	3
100	120	1	0	200	1
101	180	-1	1	400	3
102	420	-1	1	800	2
103	360	1	1	1600	1
104	300	-1	1	400	1
105	60	-1	0	1600	2
106	60	1	0	1600	3
107	180	-1	1	1600	2
108	60	1	0	800	1
109	360	1	1	400	3
110	360	-1	1	200	2
111	240	-1	1	1600	1
112	360	-1	1	1600	1
113	240	1	1	400	1
114	120	-1	0	800	1
115	120	-1	1	800	3
116	0	1	0	200	1
117	0	-1	0	1600	3
118	240	1	1	800	2
119	0	-1	0	200	2
120	420	-1	1	1600	3
121	420	1	1	400	1
122	420	1	1	200	2
123	0	-1	0	800	1
124	420	-1	1	200	3
125	120	1	0	800	1
126	300	-1	1	400	2
127	240	-1	1	1600	2
128	300	1	1	400	2
129	180	-1	0	1600	1
130	300	1	1	400	3
131	360	1	1	400	2
132	420	1	1	1600	1
133	0	-1	0	200	1
134	0	-1	0	400	2
135	240	1	1	400	3
136	60	1	0	800	2
137	60	-1	0	400	2
138	420	-1	1	200	2
139	120	-1	1	200	3
140	360	-1	1	400	2
141	0	1	0	400	1
142	180	1	1	400	1
143	300	1	1	1600	1
144	120	-1	1	200	2
145	60	1	0	200	3
146	0	1	0	400	3
147	240	1	1	200	1
148	240	-1	1	200	3
149	180	1	1	200	1
150	360	-1	1	800	3
151	0	-1	0	800	2
152	300	-1	1	800	1
153	120	1	1	1600	2
154	240	-1	0	800	1
155	180	-1	0	400	1
156	420	-1	1	200	1
157	60	-1	0	800	1
158	0	-1	0	400	1
159	120	1	0	1600	1
160	420	1	1	400	3
161	60	-1	1	400	3
162	120	-1	0	1600	1
163	0	-1	0	1600	1
164	0	-1	0	400	3
165	300	-1	1	400	3
166	0	1	0	800	1
167	60	1	1	400	1
168	120	1	1	800	3
169	240	-1	1	800	2
170	180	-1	0	200	1
171	180	1	1	1600	2
172	300	1	1	200	1
173	300	-1	1	800	3
174	180	1	1	800	2
175	0	-1	0	200	3
176	180	1	0	1600	1
177	300	-1	1	1600	2
178	360	-1	1	200	3
179	240	-1	1	400	1
180	240	1	0	1600	1
181	60	1	0	400	3
182	60	-1	0	1600	3
183	360	1	1	1600	2
184	420	1	1	800	1
185	360	1	1	800	1
186	180	-1	1	400	2
187	240	-1	1	200	1
188	240	-1	1	800	3
189	60	1	0	1600	2
190	120	1	1	400	3
191	420	1	1	800	2
192	0	-1	0	200	1
193	180	1	1	200	1
194	120	-1	1	1600	3
195	240	-1	1	400	2
196	240	-1	0	800	1
197	180	1	1	800	3
198	420	1	1	200	1
199	0	1	0	800	1
200	0	-1	0	400	3
201	180	1	1	1600	2
202	180	-1	0	1600	1
203	0	1	0	1600	1
204	180	1	1	200	2
205	60	1	0	400	1
206	120	1	1	200	3
207	420	-1	1	400	1
208	240	1	1	800	1
209	240	1	1	400	2
210	420	1	1	800	1
211	300	-1	0	1600	1
212	360	1	1	400	1
213	60	-1	1	200	3
214	180	-1	1	1600	3
215	240	1	0	800	3
216	120	-1	1	200	2
217	240	1	1	1600	3
218	360	-1	1	800	3
219	300	1	1	1600	1
220	360	1	1	1600	2
221	240	-1	1	800	2
222	120	1	0	800	1
223	120	1	1	200	2
224	300	1	1	200	2
225	300	1	1	800	2
226	300	1	1	1600	3
227	0	-1	0	800	3
228	180	1	1	1600	3
229	360	-1	1	1600	1
230	60	-1	0	200	1
231	240	-1	1	200	3
232	240	-1	0	1600	1
233	0	1	0	400	1
234	300	-1	1	800	1
235	300	-1	1	800	3
236	420	1	1	200	3
237	240	-1	1	1600	3
238	120	1	0	1600	3
239	60	-1	0	400	2
240	120	-1	0	200	1
241	120	1	1	800	3
242	240	-1	1	200	1
243	360	1	1	400	2
244	360	-1	1	800	2
245	360	-1	1	400	2
246	180	-1	1	800	2
247	420	1	1	1600	3
248	420	1	1	400	1
249	120	1	1	200	1
250	300	-1	1	400	3
251	120	-1	1	1600	2
252	120	-1	0	400	1
253	300	1	1	200	3
254	60	-1	0	1600	1
255	240	1	1	200	3
256	420	1	1	1600	1
257	360	1	1	400	3
258	300	1	1	400	1
259	420	-1	1	200	2
260	300	-1	1	400	1
261	60	-1	0	800	3
262	420	-1	1	400	2
263	60	1	0	800	1
264	180	-1	1	400	3
265	300	-1	1	200	3
266	60	1	1	800	3
267	360	-1	1	800	1
268	120	1	0	400	1
269	420	1	1	800	3
270	0	1	0	200	3
271	60	-1	0	1600	3
272	180	1	1	400	2
273	180	1	0	1600	1
274	240	1	1	1600	1
275	180	1	1	400	1
276	360	-1	1	1600	2
277	0	-1	0	200	2
278	60	1	1	200	3
279	60	1	0	1600	3
280	300	-1	1	1600	2
281	0	-1	0	400	1
282	360	-1	1	200	3
283	0	-1	0	200	3
284	0	-1	0	1600	1
285	420	1	1	800	2
286	300	1	1	200	1
287	240	-1	1	1600	2
288	420	-1	1	800	1
289	60	1	0	1600	1
290	60	-1	0	1600	2
291	60	1	0	800	2
292	360	1	1	1600	1
293	180	1	1	200	3
294	180	-1	1	1600	2
295	0	-1	0	400	2
296	0	1	0	1600	2
297	300	-1	1	1600	3
298	300	1	1	1600	2
299	120	-1	1	200	3
300	120	1	1	400	3
301	420	1	1	400	2
302	60	-1	0	800	2
303	60	1	0	400	3
304	360	-1	1	400	1
305	120	1	0	400	2
306	420	-1	1	1600	1
307	120	1	0	1600	1
308	360	-1	1	400	3
309	300	-1	1	800	2
310	120	-1	0	800	2
311	300	-1	1	200	1
312	180	1	0	400	3
313	120	-1	1	800	3
314	420	-1	1	200	1
315	420	-1	1	1600	2
316	60	1	0	1600	2
317	180	-1	0	200	1
318	0	-1	0	800	1
319	120	-1	0	1600	1
320	180	-1	1	200	2
321	360	1	1	200	2
322	180	-1	0	800	1
323	240	1	1	200	1
324	300	1	1	800	3
325	60	-1	0	200	2
326	360	1	1	800	1
327	240	-1	1	400	3
328	120	-1	0	400	2
329	240	-1	1	800	3
330	240	1	1	200	2
331	420	-1	1	1600	3
332	420	1	1	200	2
333	360	1	1	1600	3
334	0	-1	0	800	2
335	420	1	1	400	3
336	240	-1	1	200	2
337	0	1	0	800	3
338	360	-1	1	200	2
339	60	1	0	200	2
340	360	-1	1	1600	3
341	300	1	1	400	2
342	0	1	0	400	3
343	0	1	0	800	2
344	180	-1	0	400	1
345	360	-1	1	200	1
346	300	1	1	800	1
347	360	1	1	200	1
348	420	-1	1	800	2
349	120	1	1	800	2
350	120	-1	0	400	3
351	180	-1	1	800	3
352	360	1	1	800	2
353	300	-1	1	200	2
354	420	-1	1	800	3
355	300	1	1	400	3
356	360	1	1	200	3
357	300	-1	1	400	2
358	180	-1	1	200	3
359	420	-1	1	400	3
360	360	1	1	800	3
361	0	-1	0	1600	2
362	0	-1	0	1600	3
363	240	-1	1	400	1
364	420	-1	1	200	3
365	0	1	0	200	2
366	180	1	0	800	1
367	180	-1	0	400	2
368	120	1	0	1600	2
369	240	1	1	400	3
370	240	1	1	1600	2
371	0	1	0	200	1
372	60	1	0	200	1
373	240	1	1	800	2
374	0	1	0	1600	3
375	60	-1	0	400	1
376	180	1	1	800	2
377	0	1	0	400	2
378	420	1	1	1600	2
379	60	-1	0	800	1
380	240	1	1	400	1
381	60	-1	0	400	3
382	120	-1	0	800	1
383	60	1	0	400	2
0	120	1	0	1600	2
1	180	-1	1	1600	3
2	360	-1	1	1600	3
3	60	-1	0	1600	2
4	300	-1	1	200	1
5	180	-1	1	400	3
6	0	1	0	800	2
7	180	-1	1	800	3
8	180	-1	0	200	1
9	240	1	1	400	3
10	120	-1	0	400	1
11	240	1	1	1600	2
12	120	-1	1	800	2
13	300	1	1	400	3
14	420	1	1	1600	2
15	0	1	0	1600	3
16	180	1	0	400	1
17	240	1	1	200	2
18	360	1	1	200	3
19	360	1	1	400	2
20	300	1	1	1600	2
21	240	-1	1	800	2
22	420	-1	1	400	2
23	180	1	1	800	3
24	300	-1	1	400	2
25	300	1	1	1600	1
26	420	-1	1	200	1
27	300	1	1	800	3
28	300	-1	1	400	1
29	120	1	0	400	2
30	360	-1	1	400	1
31	180	1	1	1600	1
32	360	1	1	800	3
33	420	-1	1	800	1
34	360	1	1	1600	2
35	0	1	0	200	3
36	60	-1	0	200	1
37	60	1	0	800	1
38	300	-1	1	800	2
39	360	-1	1	800	3
40	240	1	1	1600	3
41	240	1	1	400	2
42	0	-1	0	200	3
43	240	1	1	800	2
44	240	-1	1	200	2
45	300	-1	1	800	3
46	60	-1	0	800	3
47	240	-1	1	200	3
48	120	-1	1	400	3
49	180	-1	0	200	2
50	240	-1	1	400	1
51	120	1	1	400	3
52	300	1	1	200	1
53	360	1	1	200	1
54	180	1	1	200	2
55	180	1	1	400	2
56	120	-1	0	1600	1
57	180	1	0	800	1
58	60	1	0	800	3
59	120	-1	1	800	3
60	240	-1	1	1600	2
61	420	1	1	800	3
62	300	-1	1	1600	1
63	420	-1	1	400	3
64	0	1	0	200	2
65	180	1	1	1600	2
66	0	-1	0	800	1
67	0	-1	0	400	3
68	360	1	1	400	3
69	360	-1	1	800	2
70	240	-1	0	200	1
71	0	1	0	1600	1
72	240	1	1	800	1
73	360	1	1	1600	1
74	240	-1	1	1600	1
75	360	-1	1	800	1
76	60	-1	0	800	2
77	120	-1	0	1600	3
78	420	-1	1	1600	2
79	120	-1	0	1600	2
80	60	1	0	1600	3
81	60	1	0	1600	2
82	300	1	1	200	2
83	360	-1	1	200	1
84	0	1	0	400	2
85	0	-1	0	800	2
86	180	-1	0	400	1
87	360	-1	1	400	3
88	0	1	0	200	1
89	180	-1	0	200	3
90	240	1	1	800	3
91	180	-1	1	400	2
92	420	1	1	400	1
93	240	1	1	400	1
94	0	-1	0	800	3
95	180	-1	1	1600	2
96	0	1	0	800	3
97	420	-1	1	800	3
98	420	-1	1	200	2
99	120	1	1	1600	3
100	420	1	1	200	2
101	420	1	1	200	1
102	120	1	1	800	3
103	180	-1	1	800	2
104	60	-1	0	400	2
105	0	1	0	400	1
106	0	-1	0	1600	3
107	60	1	0	400	1
108	120	1	0	1600	1
109	300	-1	1	1600	2
110	120	1	0	800	1
111	420	1	1	1600	3
112	240	-1	1	400	3
113	360	-1	1	1600	1
114	420	1	1	1600	1
115	60	1	0	200	1
116	0	-1	0	1600	2
117	420	1	1	800	2
118	360	-1	1	1600	2
119	120	-1	0	400	2
120	240	1	1	1600	1
121	420	-1	1	200	3
122	60	-1	0	400	1
123	420	-1	1	1600	1
124	60	-1	1	200	3
125	180	1	1	800	2
126	60	-1	0	200	2
127	420	-1	1	1600	3
128	180	1	1	200	1
129	60	1	0	1600	1
130	300	1	1	800	1
131	120	-1	0	800	1
132	0	-1	0	400	2
133	0	-1	0	200	2
134	120	1	1	200	3
135	60	1	0	200	2
136	240	-1	1	1600	3
137	180	1	1	200	3
138	0	1	0	1600	2
139	240	1	1	200	3
140	300	1	1	400	1
141	120	-1	1	200	3
142	60	-1	0	400	3
143	240	-1	0	800	1
144	360	1	1	1600	3
145	360	1	1	200	2
146	360	-1	1	200	2
147	180	1	1	400	3
148	0	1	0	400	3
149	0	-1	0	1600	1
150	0	1	0	800	1
151	420	1	1	400	2
152	60	1	0	400	2
153	300	-1	1	800	1
154	300	-1	1	1600	3
155	180	1	1	1600	3
156	240	1	1	200	1
157	60	-1	0	1600	3
158	300	-1	1	400	3
159	360	1	1	400	1
160	60	1	0	200	3
161	420	1	1	400	3
162	360	-1	1	200	3
163	360	1	1	800	2
164	420	-1	1	800	2
165	300	1	1	1600	3
166	60	1	0	400	3
167	420	1	1	200	3
168	120	1	1	200	2
169	300	-1	1	200	2
170	60	1	0	800	2
171	360	1	1	800	1
172	180	-1	0	800	1
173	60	-1	0	1600	1
174	120	-1	0	200	1
175	60	-1	0	800	1
176	0	-1	0	400	1
177	240	-1	0	400	2
178	420	-1	1	400	1
179	120	-1	1	200	2
180	240	-1	1	800	3
181	300	-1	1	200	3
182	120	1	0	200	1
183	360	-1	1	400	2
184	300	1	1	400	2
185	420	1	1	800	1
186	0	-1	0	200	1
187	180	-1	0	1600	1
188	300	1	1	800	2
189	120	1	0	400	1
190	300	1	1	200	3
191	120	1	0	800	2
192	420	1	1	1600	2
193	240	1	1	800	3
194	360	-1	1	1600	1
195	60	1	0	400	3
196	360	1	1	800	3
197	180	-1	0	1600	2
198	180	1	1	800	3
199	240	-1	0	200	1
200	0	-1	0	800	1
201	180	-1	1	800	3
202	360	1	1	1600	2
203	120	1	0	400	1
204	0	-1	0	400	3
205	60	1	0	400	2
206	120	-1	0	400	1
207	240	1	1	1600	2
208	300	-1	1	800	3
209	300	1	1	200	1
210	180	-1	1	200	3
211	420	-1	1	1600	3
212	300	1	1	800	1
213	240	1	1	400	1
214	360	1	1	400	1
215	300	1	1	800	3
216	60	1	0	200	2
217	300	-1	1	400	2
218	300	1	1	200	2
219	120	-1	0	1600	1
220	120	1	0	400	2
221	0	1	0	1600	1
222	60	1	1	200	3
223	60	-1	0	400	2
224	240	1	1	1600	3
225	180	-1	0	800	1
226	240	-1	1	1600	2
227	300	-1	1	800	2
228	180	-1	1	400	3
229	300	1	1	1600	2
230	180	-1	1	800	2
231	360	-1	1	200	1
232	180	1	1	200	3
233	360	1	1	1600	1
234	0	1	0	200	2
235	300	1	1	1600	1
236	420	1	1	1600	3
237	240	1	1	1600	1
238	300	-1	1	400	3
239	180	1	1	400	1
240	420	-1	1	400	1
241	240	-1	1	800	2
242	420	-1	1	200	1
243	60	-1	0	800	1
244	360	1	1	200	2
245	420	-1	1	400	2
246	420	-1	1	800	3
247	180	-1	1	200	2
248	180	-1	0	1600	1
249	60	-1	0	1600	2
250	360	1	1	800	2
251	240	1	1	200	3
252	240	1	1	200	2
253	360	1	1	200	3
254	0	1	0	200	1
255	240	1	1	800	2
256	0	-1	0	800	2
257	120	-1	0	400	2
258	120	1	1	400	3
259	120	1	0	1600	2
260	0	-1	0	1600	3
261	120	-1	0	800	3
262	300	1	1	200	3
263	0	-1	0	200	2
264	0	1	0	800	1
265	120	-1	0	400	3
266	0	-1	0	400	1
267	120	-1	1	200	3
268	300	1	1	1600	3
269	300	1	1	800	2
270	60	-1	0	200	1
271	120	-1	0	800	1
272	360	-1	1	800	1
273	180	1	0	1600	1
274	180	1	0	800	1
275	420	1	1	400	2
276	0	-1	0	200	1
277	60	-1	1	400	3
278	360	-1	1	1600	2
279	0	1	0	400	1
280	60	1	0	200	1
281	180	1	1	800	2
282	0	-1	0	200	3
283	60	-1	0	200	2
284	360	-1	1	400	1
285	60	-1	0	1600	3
286	0	1	0	1600	2
287	360	-1	1	200	2
288	120	1	0	200	1
289	360	1	1	400	2
290	300	-1	1	200	1
291	120	1	0	200	3
292	420	1	1	200	1
293	60	-1	0	1600	1
294	60	1	1	800	3
295	0	-1	0	400	2
296	420	1	1	1600	1
297	120	-1	0	200	1
298	420	-1	1	200	2
299	420	1	1	800	3
300	240	1	1	200	1
301	60	-1	0	200	3
302	360	-1	1	400	2
303	180	-1	0	200	1
304	420	1	1	800	2
305	300	1	1	400	3
306	120	-1	1	1600	3
307	240	-1	1	200	2
308	60	1	0	1600	3
309	0	-1	0	800	3
310	60	-1	0	400	1
311	420	1	1	800	1
312	60	1	0	1600	1
313	360	1	1	1600	3
314	360	1	1	400	3
315	420	-1	1	200	3
316	300	-1	1	200	3
317	240	-1	1	800	3
318	420	-1	1	1600	1
319	360	-1	1	200	3
320	180	-1	0	400	1
321	300	-1	1	400	1
322	180	1	1	1600	3
323	120	-1	0	800	2
324	240	-1	1	400	2
325	0	1	0	400	2
326	180	1	1	400	3
327	420	-1	1	800	2
328	120	1	0	1600	1
329	60	-1	0	800	3
330	420	1	1	400	3
331	240	1	1	400	3
332	0	-1	0	1600	1
333	420	1	1	200	3
334	60	1	0	1600	2
335	300	-1	1	1600	2
336	60	1	0	800	2
337	240	-1	0	1600	1
338	0	1	0	800	3
339	300	-1	1	1600	1
340	240	-1	1	1600	3
341	360	-1	1	400	3
342	300	-1	1	800	1
343	240	1	1	400	2
344	240	-1	0	400	1
345	360	1	1	200	1
346	120	1	0	800	2
347	60	-1	0	800	2
348	120	1	0	200	2
349	420	-1	1	1600	2
350	360	-1	1	800	3
351	180	1	0	200	2
352	420	1	1	400	1
353	120	-1	0	200	2
354	180	-1	1	1600	3
355	60	1	0	800	1
356	240	-1	1	400	3
357	120	1	0	800	3
358	120	1	0	800	1
359	360	-1	1	1600	3
360	180	1	1	200	1
361	180	1	1	1600	2
362	0	1	0	1600	3
363	300	-1	1	1600	3
364	300	1	1	400	2
365	360	1	1	800	1
366	0	1	0	800	2
367	120	1	1	1600	3
368	300	-1	1	200	2
369	420	-1	1	800	1
370	180	1	1	400	2
371	240	1	0	800	1
372	0	1	0	400	3
373	0	-1	0	1600	2
374	60	1	0	400	1
375	180	-1	1	400	2
376	420	1	1	200	2
377	300	1	1	400	1
378	360	-1	1	800	2
379	120	-1	1	1600	2
380	240	-1	1	200	3
381	0	1	0	200	3
382	420	-1	1	400	3
383	240	-1	0	800	1
0	420	1	1	200	1
1	120	-1	1	1600	3
2	300	-1	1	200	3
3	0	-1	0	200	1
4	60	1	0	400	2
5	0	1	0	1600	2
6	300	-1	1	400	3
7	120	1	0	200	3
8	180	1	0	800	1
9	240	1	1	200	1
10	0	1	0	400	3
11	0	1	0	200	3
12	360	-1	1	200	3
13	360	1	1	800	1
14	360	-1	1	400	1
15	60	1	0	1600	1
16	60	-1	0	400	2
17	60	-1	1	400	3
18	240	1	1	200	2
19	0	-1	0	400	1
20	120	1	0	1600	1
21	180	1	0	400	2
22	180	1	1	200	3
23	0	1	0	200	1
24	180	1	1	200	2
25	360	1	1	400	2
26	60	1	0	400	3
27	60	-1	0	1600	2
28	60	1	0	800	2
29	300	-1	1	800	2
30	180	1	1	200	1
31	0	-1	0	200	2
32	0	1	0	400	2
33	300	1	1	1600	2
34	180	1	1	1600	1
35	240	-1	1	200	2
36	0	-1	0	400	2
37	360	-1	1	400	2
38	180	-1	1	400	2
39	360	1	1	400	1
40	420	-1	1	200	3
41	300	1	1	200	1
42	240	-1	0	400	1
43	360	1	1	400	3
44	60	1	0	1600	2
45	120	-1	1	200	3
46	180	1	0	400	1
47	240	-1	1	400	2
48	120	1	0	200	2
49	0	1	0	400	1
50	240	1	1	400	2
51	0	-1	0	200	3
52	120	-1	1	800	3
53	120	1	0	1600	3
54	180	-1	1	200	3
55	60	-1	0	1600	1
56	60	-1	0	800	1
57	180	1	0	1600	2
58	60	-1	0	1600	3
59	300	1	1	400	1
60	300	1	1	1600	3
61	360	-1	1	200	2
62	360	-1	1	1600	3
63	180	-1	1	200	2
64	60	1	0	200	1
65	360	1	1	800	3
66	420	1	1	1600	3
67	300	1	1	800	3
68	420	1	1	400	2
69	180	-1	0	200	1
70	360	1	1	200	1
71	420	1	1	400	3
72	60	-1	0	400	1
73	420	1	1	800	1
74	180	1	1	400	3
75	120	1	0	800	2
76	120	1	0	800	1
77	420	-1	1	400	1
78	360	-1	1	800	2
79	420	1	1	1600	2
80	420	-1	1	200	2
81	360	-1	1	1600	2
82	240	1	1	1600	2
83	120	-1	1	400	3
84	360	1	1	200	3
85	360	1	1	1600	2
86	420	-1	1	1600	2
87	0	1	0	200	2
88	60	1	0	800	1
89	180	-1	1	1600	2
90	120	1	0	1600	2
91	240	-1	1	200	1
92	420	-1	1	400	2
93	420	1	1	1600	1
94	240	1	1	200	3
95	300	1	1	800	1
96	60	-1	1	800	3
97	300	-1	1	200	1
98	180	1	1	1600	3
99	420	-1	1	800	3
100	300	-1	1	1600	3
101	120	-1	0	1600	1
102	60	-1	0	200	2
103	60	1	0	1600	3
104	180	1	1	800	3
105	300	1	1	400	2
106	60	1	1	800	3
107	0	-1	0	800	1
108	240	-1	0	800	1
109	0	-1	0	1600	2
110	120	-1	0	1600	2
111	360	1	1	800	2
112	0	-1	0	800	3
113	180	-1	0	800	1
114	0	1	0	1600	1
115	240	-1	1	1600	1
116	0	1	0	800	1
117	240	-1	1	800	2
118	300	-1	1	1600	1
119	120	-1	0	200	2
120	0	1	1	1600	3
121	60	-1	1	200	3
122	240	1	1	400	1
123	0	-1	0	400	3
124	300	-1	1	400	2
125	300	1	1	400	3
126	300	-1	1	800	3
127	0	1	0	800	2
128	300	-1	1	200	2
129	300	-1	1	800	1
130	120	1	1	800	3
131	180	-1	1	400	1
132	240	1	1	800	2
133	120	-1	0	400	1
134	60	1	0	200	2
135	360	-1	1	200	1
136	120	1	0	200	1
137	60	1	0	400	1
138	420	1	1	800	2
139	60	-1	0	200	1
140	0	1	0	800	3
141	180	-1	1	1600	3
142	360	1	1	200	2
143	180	-1	0	1600	1
144	420	-1	1	800	2
145	180	-1	1	800	2
146	420	1	1	400	1
147	240	-1	1	200	3
148	420	1	1	200	2
149	300	-1	1	1600	2
150	120	-1	0	800	1
151	300	1	1	200	2
152	420	1	1	200	3
153	360	-1	1	400	3
154	420	-1	1	200	1
155	120	-1	0	800	2
156	360	-1	1	1600	1
157	240	1	0	1600	1
158	300	1	1	200	3
159	240	1	1	1600	3
160	180	-1	1	400	3
161	240	1	1	800	3
162	420	-1	1	400	3
163	360	1	1	1600	3
164	300	1	1	800	2
165	420	1	1	800	3
166	240	1	1	800	1
167	240	1	1	400	3
168	300	-1	1	400	1
169	120	1	0	400	1
170	420	-1	1	1600	3
171	60	1	0	200	3
172	60	-1	0	800	2
173	120	1	0	400	3
174	180	1	1	800	2
175	120	1	0	400	2
176	120	-1	0	400	2
177	300	1	1	1600	1
178	0	-1	0	1600	1
179	0	-1	0	800	2
180	120	-1	0	200	1
181	240	-1	1	400	3
182	360	-1	1	800	1
183	420	-1	1	1600	1
184	420	-1	1	800	1
185	0	-1	0	1600	3
186	240	-1	1	1600	2
187	360	1	1	1600	1
188	180	-1	1	800	3
189	240	-1	1	800	3
190	240	-1	1	1600	3
191	360	-1	1	800	3
192	120	-1	0	1600	3
193	120	1	1	1600	3
194	120	1	1	400	3
195	420	1	1	1600	2
196	300	-1	1	1600	2
197	0	1	0	400	1
198	120	1	1	400	1
199	420	1	1	800	1
200	0	1	0	800	3
201	0	1	0	1600	1
202	60	-1	0	1600	3
203	420	1	1	400	3
204	360	1	1	1600	2
205	360	1	1	1600	1
206	360	-1	1	200	1
207	60	-1	0	800	2
208	240	1	1	800	3
209	120	1	0	800	1
210	60	1	0	200	3
211	420	-1	1	1600	1
212	120	-1	0	800	1
213	60	1	0	400	2
214	360	-1	1	400	2
215	60	1	0	800	2
216	0	-1	0	800	3
217	120	-1	0	1600	2
218	300	1	1	200	2
219	300	-1	1	800	1
220	60	1	0	400	1
221	60	-1	0	800	1
222	300	1	1	800	1
223	120	-1	0	400	1
224	0	-1	0	200	1
225	240	-1	1	400	2
226	60	-1	0	400	1
227	180	-1	1	800	2
228	0	-1	0	1600	3
229	420	1	1	400	2
230	120	1	1	800	3
231	240	-1	0	800	1
232	60	1	0	800	3
233	300	-1	1	400	3
234	420	1	1	1600	3
235	60	1	0	200	1
236	0	1	0	200	1
237	180	1	1	800	3
238	300	1	1	400	1
239	60	1	1	1600	3
240	240	-1	1	800	2
241	240	-1	0	200	3
242	180	-1	0	200	1
243	180	1	0	400	1
244	180	-1	1	200	3
245	240	1	0	200	1
246	360	1	1	400	2
247	120	-1	0	400	2
248	420	-1	1	1600	3
249	360	1	1	200	2
250	180	1	1	400	3
251	360	-1	1	200	2
252	360	-1	1	400	3
253	240	1	1	1600	3
254	300	1	1	1600	3
255	60	1	0	200	2
256	240	-1	1	200	2
257	300	-1	1	200	2
258	0	1	0	800	2
259	60	1	0	1600	2
260	300	1	1	1600	2
261	180	1	1	800	1
262	300	-1	1	1600	3
263	300	1	1	400	2
264	120	-1	0	200	2
265	420	-1	1	800	1
266	360	1	1	200	3
267	420	1	1	200	1
268	120	1	1	200	3
269	60	-1	0	200	2
270	240	1	1	400	1
271	240	-1	1	1600	3
272	300	-1	1	200	3
273	240	1	1	400	2
274	360	-1	1	1600	3
275	420	1	1	1600	1
276	180	-1	1	1600	3
277	240	1	1	800	2
278	0	-1	0	1600	2
279	120	-1	0	1600	1
280	360	-1	0	800	2
281	0	1	0	800	1
282	240	1	1	400	3
283	180	-1	1	800	3
284	360	-1	1	800	3
285	60	1	0	400	3
286	300	-1	0	1600	1
287	300	1	1	200	1
288	420	-1	1	400	2
289	300	1	1	1600	1
290	180	-1	0	400	1
291	180	1	1	1600	2
292	0	-1	0	400	3
293	120	1	0	800	2
294	60	-1	0	400	2
295	180	-1	0	1600	1
296	120	-1	1	800	3
297	420	-1	1	800	3
298	120	-1	1	400	3
299	180	1	1	200	2
300	300	1	1	800	3
301	360	1	1	1600	3
302	240	-1	1	800	3
303	60	1	0	1600	1
304	300	1	1	200	3
305	420	-1	1	200	3
306	240	-1	1	400	3
307	60	-1	0	200	1
308	360	1	1	200	1
309	60	1	0	800	1
310	420	1	1	800	3
311	240	1	1	800	1
312	300	-1	1	200	1
313	60	-1	0	1600	1
314	0	1	0	200	2
315	180	1	1	200	3
316	360	-1	1	1600	1
317	120	1	0	200	2
318	120	1	0	400	2
319	0	-1	0	1600	1
320	300	-1	1	400	1
321	120	1	0	1600	2
322	0	-1	0	200	2
323	360	-1	1	400	1
324	120	-1	0	800	2
325	360	-1	1	200	3
326	240	-1	0	1600	1
327	240	-1	1	200	1
328	0	1	0	1600	3
329	420	1	1	400	1
330	60	-1	0	800	3
331	60	-1	1	400	3
332	0	-1	0	400	1
333	360	-1	1	800	1
334	420	1	1	800	2
335	300	-1	1	400	2
336	360	1	1	800	2
337	180	-1	1	400	2
338	360	1	1	400	1
339	240	-1	1	400	1
340	240	1	1	200	2
341	360	1	1	400	3
342	180	1	1	400	2
343	420	-1	1	200	1
344	180	1	1	200	1
345	60	-1	0	1600	2
346	240	1	1	1600	2
347	0	1	0	400	2
348	120	1	0	1600	1
349	420	-1	1	400	1
350	0	1	0	400	3
351	0	1	0	200	3
352	300	1	1	800	2
353	300	-1	1	800	2
354	0	-1	0	800	2
355	360	-1	1	1600	2
356	0	-1	0	800	1
357	0	1	0	1600	2
358	180	1	1	800	2
359	180	-1	1	1600	2
360	240	1	1	1600	1
361	60	-1	0	200	3
362	420	-1	1	200	2
363	420	-1	1	800	2
364	120	-1	0	200	3
365	0	-1	0	200	3
366	180	1	1	1600	3
367	0	-1	0	400	2
368	360	1	1	800	3
369	300	-1	1	800	3
370	360	1	0	800	1
371	180	-1	0	800	1
372	420	1	1	200	2
373	180	1	0	1600	1
374	180	-1	1	200	2
375	420	1	1	200	3
376	420	-1	1	1600	2
377	420	-1	1	400	3
378	240	1	1	200	3
379	180	-1	1	400	3
380	120	-1	0	200	1
381	240	-1	1	1600	2
382	300	1	1	400	3
383	120	1	0	200	1
0	420	1	1	1600	2
1	120	1	1	800	3
2	240	1	1	200	2
3	300	1	1	1600	2
4	300	1	1	200	3
5	300	-1	1	200	3
6	240	-1	1	200	2
7	120	-1	0	1600	1
8	300	-1	1	1600	1
9	240	1	1	200	1
10	300	-1	1	800	3
11	300	1	1	800	3
12	360	1	1	400	3
13	420	-1	1	800	3
14	360	-1	1	1600	2
15	360	-1	1	400	2
16	60	1	0	1600	1
17	300	1	1	400	1
18	0	-1	0	800	2
19	420	-1	1	200	2
20	120	-1	0	400	1
21	420	-1	1	1600	2
22	360	1	1	200	2
23	420	1	1	400	2
24	360	1	1	1600	1
25	0	1	0	800	1
26	120	1	0	1600	1
27	120	-1	1	400	2
28	60	-1	0	800	1
29	60	1	0	1600	3
30	360	1	1	1600	3
31	180	-1	1	200	2
32	240	-1	0	400	1
33	240	1	1	800	2
34	180	1	0	1600	2
35	0	1	0	800	2
36	420	1	1	800	1
37	0	1	0	400	3
38	300	1	1	800	1
39	120	1	0	400	1
40	180	-1	0	200	1
41	120	-1	0	200	1
42	120	1	1	800	2
43	0	1	0	200	3
44	120	-1	0	800	1
45	360	-1	1	400	1
46	60	-1	0	1600	3
47	240	-1	1	200	3
48	120	1	1	200	1
49	60	1	0	200	1
50	120	-1	1	1600	3
51	60	-1	0	400	2
52	120	1	0	400	3
53	420	1	1	400	1
54	240	-1	0	200	1
55	420	-1	1	400	1
56	60	1	0	1600	2
57	60	-1	0	200	1
58	0	-1	0	800	3
59	0	1	0	400	1
60	180	1	1	400	1
61	420	1	1	1600	3
62	180	-1	1	400	3
63	240	-1	1	800	3
64	60	1	0	200	3
65	0	-1	0	400	3
66	180	-1	0	800	1
67	360	-1	1	800	3
68	60	-1	0	400	1
69	180	-1	1	1600	2
70	420	1	1	200	1
71	60	-1	1	200	3
72	0	-1	0	400	1
73	0	1	0	800	3
74	60	-1	0	1600	1
75	360	1	1	400	1
76	240	1	1	200	3
77	360	-1	1	200	1
78	0	1	0	400	2
79	180	1	1	1600	1
80	120	-1	1	800	3
81	360	1	1	1600	2
82	360	-1	1	1600	3
83	180	-1	1	1600	3
84	240	1	1	800	3
85	300	-1	1	1600	3
86	180	-1	1	200	3
87	300	1	1	400	3
88	300	-1	1	200	1
89	360	-1	1	800	1
90	300	-1	1	400	3
91	240	1	1	400	2
92	120	1	0	200	2
93	420	-1	1	1600	1
94	60	-1	0	800	3
95	300	-1	1	800	2
96	240	-1	0	800	1
97	420	1	1	1600	1
98	180	-1	0	1600	1
99	0	1	0	1600	3
100	120	1	0	800	1
101	300	-1	1	400	2
102	240	-1	0	1600	1
103	120	1	0	1600	2
104	420	-1	1	400	3
105	420	-1	1	200	1
106	360	-1	1	400	3
107	300	-1	1	1600	2
108	60	1	0	400	3
109	240	1	1	400	3
110	240	1	1	400	1
111	60	-1	0	800	2
112	120	-1	0	1600	2
113	240	-1	1	1600	3
114	0	-1	0	400	2
115	300	-1	1	200	2
116	60	1	0	800	3
117	420	1	1	400	3
118	360	1	1	800	3
119	0	1	0	200	1
120	300	1	1	400	2
121	240	1	1	1600	3
122	180	-1	1	800	2
123	180	1	1	200	3
124	60	1	0	400	2
125	180	1	1	800	3
126	60	1	0	400	1
127	300	1	1	800	2
128	360	-1	1	200	3
129	360	1	1	800	1
130	180	-1	1	800	3
131	120	-1	1	400	3
132	240	-1	1	400	2
133	420	1	1	800	3
134	180	1	0	800	1
135	60	-1	0	200	2
136	360	1	1	400	2
137	0	-1	0	1600	1
138	360	1	1	200	1
139	0	-1	0	200	1
140	420	1	1	200	2
141	0	1	0	1600	2
142	0	1	0	1600	1
143	180	1	0	400	2
144	180	-1	1	400	2
145	0	-1	0	200	3
146	0	-1	0	1600	2
147	180	1	1	1600	3
148	300	1	1	200	2
149	420	1	1	800	2
150	60	1	0	800	2
151	420	-1	1	200	3
152	300	1	1	1600	3
153	180	-1	0	400	1
154	120	1	1	200	3
155	60	1	0	800	1
156	420	-1	1	1600	3
157	0	1	0	200	2
158	120	-1	0	800	2
159	240	1	0	800	1
160	360	-1	1	200	2
161	300	-1	0	400	1
162	0	-1	0	1600	3
163	240	-1	1	400	3
164	120	-1	0	200	2
165	360	-1	1	800	2
166	180	1	1	400	3
167	420	-1	1	400	2
168	300	1	1	1600	1
169	180	1	1	200	2
170	360	1	1	800	2
171	120	1	1	400	2
172	0	-1	0	800	1
173	240	1	0	1600	1
174	180	1	1	800	2
175	420	-1	1	800	2
176	180	1	1	200	1
177	420	-1	1	800	1
178	420	1	1	200	3
179	240	1	1	1600	2
180	60	-1	0	1600	2
181	120	1	1	1600	3
182	300	1	1	200	1
183	300	-1	1	800	1
184	240	-1	1	800	2
185	60	-1	0	400	3
186	360	1	1	200	3
187	240	-1	1	1600	2
188	60	1	0	200	2
189	360	-1	0	1600	1
190	120	-1	1	200	3
191	0	-1	0	200	2
192	60	1	0	200	3
193	360	-1	1	800	1
194	360	-1	1	1600	1
195	420	-1	1	800	2
196	300	-1	0	400	1
197	180	1	1	800	1
198	360	1	1	1600	2
199	180	-1	1	400	3
200	60	1	1	1600	3
201	0	1	0	200	1
202	240	1	1	400	2
203	420	-1	1	800	3
204	240	1	0	800	1
205	60	-1	0	400	1
206	0	-1	0	800	1
207	60	1	0	200	1
208	120	1	0	1600	1
209	60	1	0	1600	1
210	60	-1	0	1600	1
211	300	1	1	800	1
212	300	1	1	800	3
213	120	1	1	400	3
214	60	-1	0	800	2
215	420	-1	1	400	1
216	60	-1	1	800	3
217	0	1	0	800	3
218	0	-1	0	1600	3
219	360	1	1	200	3
220	240	-1	1	1600	3
221	240	1	1	800	2
222	240	-1	1	200	3
223	420	-1	0	400	2
224	60	-1	0	400	3
225	300	-1	1	1600	2
226	300	1	1	400	3
227	120	-1	0	200	2
228	60	1	0	400	2
229	180	-1	1	400	2
230	180	1	1	800	2
231	240	-1	1	800	3
232	300	-1	1	1600	1
233	0	1	0	200	3
234	180	1	1	800	3
235	360	-1	1	200	1
236	420	1	1	400	2
237	180	1	1	1600	2
238	420	1	1	800	3
239	240	-1	1	1600	2
240	360	1	1	1600	1
241	300	1	1	400	1
242	240	1	1	200	3
243	120	1	1	400	1
244	300	1	1	200	3
245	120	-1	0	400	3
246	360	-1	1	400	1
247	300	-1	1	400	3
248	0	1	0	400	2
249	360	-1	1	200	2
250	240	-1	1	400	3
251	300	-1	1	800	3
252	420	1	1	200	2
253	420	1	1	400	1
254	180	1	0	1600	1
255	0	-1	0	200	3
256	420	1	1	1600	3
257	60	-1	0	200	1
258	120	-1	0	1600	2
259	360	1	1	400	2
260	240	1	1	1600	1
261	0	1	0	1600	1
262	0	-1	0	200	2
263	240	1	1	1600	3
264	60	-1	1	200	3
265	360	1	1	400	3
266	360	-1	1	1600	3
267	180	1	1	200	2
268	420	-1	1	400	3
269	300	-1	1	400	2
270	180	1	1	400	2
271	60	1	0	200	2
272	120	-1	0	400	2
273	180	-1	1	800	3
274	360	1	1	200	1
275	300	-1	1	1600	3
276	60	1	0	800	1
277	360	-1	1	1600	2
278	120	1	0	1600	3
279	120	-1	0	800	2
280	300	1	1	1600	2
281	180	-1	0	200	1
282	120	1	0	200	2
283	360	1	1	200	2
284	180	1	1	200	3
285	360	-1	1	800	3
286	120	-1	1	800	3
287	240	1	1	800	3
288	60	1	0	1600	2
289	420	1	1	800	1
290	120	1	0	400	2
291	60	-1	0	400	2
292	60	1	0	400	3
293	60	1	0	400	1
294	240	1	1	400	3
295	300	-1	1	200	2
296	0	-1	0	400	2
297	120	-1	0	1600	1
298	180	-1	0	400	1
299	0	-1	0	800	2
300	180	-1	0	1600	1
301	120	1	0	200	1
302	360	-1	1	200	3
303	120	1	0	1600	2
304	60	-1	0	1600	2
305	0	-1	0	800	3
306	420	-1	1	1600	3
307	180	1	1	400	3
308	240	-1	1	400	2
309	300	1	1	800	2
310	240	1	1	1600	2
311	360	1	1	800	3
312	420	-1	1	800	1
313	420	1	1	800	2
314	360	-1	1	400	3
315	300	-1	1	800	1
316	240	-1	0	800	1
317	60	-1	0	1600	3
318	0	1	0	1600	3
319	0	-1	0	1600	1
320	420	1	1	1600	2
321	240	-1	0	1600	1
322	0	1	0	800	1
323	420	1	1	200	1
324	420	-1	1	200	1
325	420	-1	1	1600	1
326	120	-1	1	200	1
327	420	-1	1	200	2
328	120	1	0	800	1
329	180	-1	1	1600	3
330	120	-1	0	400	1
331	240	1	1	200	1
332	420	-1	1	200	3
333	0	1	0	1600	2
334	360	-1	1	400	2
335	120	-1	0	800	1
336	0	-1	0	1600	2
337	300	1	1	1600	1
338	360	-1	1	800	2
339	300	1	1	200	2
340	0	1	0	800	2
341	180	-1	1	200	2
342	120	-1	1	1600	3
343	180	-1	1	1600	2
344	120	-1	1	200	3
345	360	1	1	1600	3
346	0	1	0	400	1
347	0	-1	0	400	3
348	240	-1	1	800	2
349	240	1	1	200	2
350	300	-1	1	200	1
351	120	1	1	800	3
352	420	1	1	400	3
353	120	1	0	200	3
354	180	-1	1	800	2
355	360	1	1	400	1
356	360	1	1	800	2
357	60	1	0	800	2
358	0	1	0	400	3
359	60	1	0	800	3
360	240	-1	0	200	1
361	420	-1	1	1600	2
362	300	1	1	1600	3
363	240	-1	1	200	2
364	360	1	1	800	1
365	420	1	1	1600	1
366	120	1	0	800	2
367	0	-1	0	400	1
368	60	-1	0	200	2
369	60	-1	0	800	1
370	240	-1	1	400	1
371	300	1	1	400	2
372	180	-1	0	800	1
373	300	1	1	200	1
374	180	1	1	1600	3
375	180	1	1	200	1
376	240	1	1	400	1
377	300	-1	1	800	2
378	180	-1	1	200	3
379	420	1	1	200	3
380	300	-1	1	200	3
381	180	1	0	400	1
382	0	-1	0	200	1
383	0	1	0	200	2
